SCMBranch=AVI
SCMRepository=AVI/UIRenderers/Resources
SCMMainlineUUID={55d8fe4d-97d6-4c77-b2c0-0e078d0e2562}
SCMBranchRepositoryID=34
00010.ico;2045396144;1;1314486461;
add.png;3231606064;1;1314486458;
alertIcon.png;812683322;1;1314486432;
bbnew.ico;4035611901;1;1102024664;
bbsave.ico;4156172603;1;1105319334;
caja.png;970580020;1;1314486458;
capressoBanner.jpg;1743034905;1;1326763178;
chart.png;3737389913;1;1314486461;
chartA.png;2224182001;1;1314486461;
close.png;2612329210;1;1314486458;
compraInsumos.png;3066250643;1;1314486461;
comprasEspeciales.png;107972046;1;1314486461;
controlCaja.png;181410826;1;1314488268;
defaultPicture.gif;3290473608;1;1318040321;
delete.png;815702858;1;1314486458;
down.png;1791664418;1;1314486458;
edit.png;3607222181;1;1314486458;
egresosIngresos.png;1841831462;1;1314488268;
export.png;435279675;1;1314486458;
guardar.png;1703595322;1;1314486458;
Info.ico;1491037906;1;1316730311;
ingresosEgresos.png;885099850;1;1314486431;
insumo.png;2518521235;1;1314486458;
inventarioLarge.png;1490659269;1;1314486431;
inventory-maintenance-icon.png;3090484998;1;1312586984;
inventory.ico;3694003892;1;1314486431;
listaCompras.png;553107710;1;1314488268;
listaProductos.png;2714029281;1;1314488267;
newItem.png;855004584;1;1314488267;
nuevaReceta.png;629102124;1;1314488267;
nuevoInsumo.png;2118906587;1;1314488267;
pdf.png;1019918760;1;1314486459;
printpreview.png;402138087;1;1314486458;
producto.png;2708545251;1;1314486458;
receta.png;147204219;1;1314486458;
refresh.png;2162944484;1;1314486458;
reportes.png;2263210716;1;1314486458;
reserva.png;2060810659;1;1314488267;
screen_Caja.png;4236115503;1;1332623338;
screen_Privilegios.png;4072149159;1;1332624089;
screen_Products.png;1583313271;1;1332623246;
screen_Reportes.png;2707844790;1;1332623980;
screen_Ventas.png;1638565041;1;1332623656;
styleChange.png;3093622631;1;1314486458;
up.png;127557969;1;1314486458;
Users.png;1476306417;1;1314486459;
usuarios.png;1895213871;1;1314486459;
ventaProducto.png;1468096037;1;1314488267;
ventaProductos.png;2173598925;1;1314486461;
ventas.png;770316316;1;1314486458;
xls.png;2126321336;1;1314486458;
