SCMBranch=AVI
SCMRepository=AVI/CommonUtils
SCMMainlineUUID={55d8fe4d-97d6-4c77-b2c0-0e078d0e2562}
SCMBranchRepositoryID=11
ActualizarGrids.cs;1689934622;1;1316196264;
Cliente.cs;3513239968;1;1322140394;
ConexionBD.cs;3297722460;1;1332421569;
EncodingUtils.cs;98057654;1;1219333420;
ICaja.cs;2366018808;1;1317957242;
ICajaTest.cs;2869756416;1;1317957300;
Insumo.cs;3420129897;1;1316049660;
IWarning.cs;3274046748;1;1321148218;
LanguageUtils.cs;1195311557;1;1240372041;
Parser.cs;2246766152;1;1332421496;
Producto.cs;4099357859;1;1324600452;
Receta.cs;3303386592;1;1314644544;
RecetaInsumo.cs;1360518038;1;1317758450;
ReportesUtils.cs;1438166874;1;1325638780;
Rol.cs;250320317;1;1313382852;
StringUtils.cs;2655531299;1;1324039075;
Usuario.cs;1059271925;1;1332552457;
Usuarios.cs;609986273;1;1332550002;
UsuariosSistema.cs;3809841451;1;1326669528;
Utiles.cs;1110429130;1;1332552477;
Ventas.cs;2936877169;1;1321061269;
CommonUtils.csproj;693111340;2;1332731676;
